function bm = bm(x1,x2,x3,px,py,pz,nx,ny,nz,r11,r12,r13,r21,r22,r23,r31,r32,r33,tx,ty,tz,w1,w2);
%BM
%    BM = BM(NX,NY,NZ,PX,PY,PZ,R11,R12,R13,R21,R22,R23,R31,R32,R33,TX,TY,TZ,W1,W2,X1,X2,X3)

%    This function was generated by the Symbolic Math Toolbox version 8.1.
%    06-Jun-2018 12:20:54

t2 = nx.*px;
t3 = ny.*py;
t4 = nz.*pz;
t5 = t2+t3+t4;
t6 = tx.*2.0;
t7 = r11.*x1.*2.0;
t8 = r12.*x2.*2.0;
t9 = r13.*x3.*2.0;
t10 = t6+t7+t8+t9;
t11 = t10.*w2;
t12 = ty.*2.0;
t13 = r21.*x1.*2.0;
t14 = r22.*x2.*2.0;
t15 = r23.*x3.*2.0;
t16 = t12+t13+t14+t15;
t17 = t16.*w2;
t18 = tz.*2.0;
t19 = r31.*x1.*2.0;
t20 = r32.*x2.*2.0;
t21 = r33.*x3.*2.0;
t22 = t18+t19+t20+t21;
t23 = t22.*w2;
bm = [t11+nx.*t5.*w1.*2.0;t17+ny.*t5.*w1.*2.0;t23+nz.*t5.*w1.*2.0;0.0;0.0;0.0;t11;t17;t23];
