function b2 = bm2(x1,x2,x3,px,py,pz,r11,r12,r13,r21,r22,r23,r31,r32,r33,tx,ty,tz,w1,w2)
%BM2
%    B2 = BM2(PX,PY,PZ,R11,R12,R13,R21,R22,R23,R31,R32,R33,TX,TY,TZ,W1,W2,X1,X2,X3)

%    This function was generated by the Symbolic Math Toolbox version 8.1.
%    06-Jun-2018 12:14:15

t2 = tx.*2.0;
t3 = r11.*x1.*2.0;
t4 = r12.*x2.*2.0;
t5 = r13.*x3.*2.0;
t6 = t2+t3+t4+t5;
t7 = t6.*w2;
t8 = ty.*2.0;
t9 = r21.*x1.*2.0;
t10 = r22.*x2.*2.0;
t11 = r23.*x3.*2.0;
t12 = t8+t9+t10+t11;
t13 = t12.*w2;
t14 = tz.*2.0;
t15 = r31.*x1.*2.0;
t16 = r32.*x2.*2.0;
t17 = r33.*x3.*2.0;
t18 = t14+t15+t16+t17;
t19 = t18.*w2;
b2 = [t7+px.*w1.*2.0;t13+py.*w1.*2.0;t19+pz.*w1.*2.0;0.0;0.0;0.0;t7;t13;t19];
