function bm = bm_rigid(x1,x2,x3,r11,r12,r13,r21,r22,r23,r31,r32,r33,tx,ty,tz)
%BM_RIGID
%    BM = BM_RIGID(R11,R12,R13,R21,R22,R23,R31,R32,R33,TX,TY,TZ,X1,X2,X3)

%    This function was generated by the Symbolic Math Toolbox version 8.1.
%    02-Aug-2018 14:13:09

t2 = tx.*2.0;
t3 = r11.*x1.*2.0;
t4 = r12.*x2.*2.0;
t5 = r13.*x3.*2.0;
t6 = t2+t3+t4+t5;
t7 = ty.*2.0;
t8 = r21.*x1.*2.0;
t9 = r22.*x2.*2.0;
t10 = r23.*x3.*2.0;
t11 = t7+t8+t9+t10;
t12 = tz.*2.0;
t13 = r31.*x1.*2.0;
t14 = r32.*x2.*2.0;
t15 = r33.*x3.*2.0;
t16 = t12+t13+t14+t15;
bm = [t6;t11;t16;0.0;0.0;0.0;t6;t11;t16];
